[gd_scene format=3 uid="uid://b5jtbxmwesjvp"]

[ext_resource type="Material" path="res://new_orm_material_3d.tres" id="1_0gwce"]
[ext_resource type="Script" uid="uid://d1s5y85wwcvl4" path="res://Scripts/controller.gd" id="1_jkvsr"]
[ext_resource type="ArrayMesh" uid="uid://caefcyeos7mac" path="res://meshimport/Group51434.res" id="2_jkvsr"]
[ext_resource type="ArrayMesh" uid="uid://dto4vk1ixdkv" path="res://meshimport/Group32889.res" id="3_x44jp"]
[ext_resource type="ArrayMesh" uid="uid://fsyotqv86hen" path="res://meshimport/Group32904.res" id="4_acyeo"]
[ext_resource type="ArrayMesh" uid="uid://cexj7xc6m26d8" path="res://meshimport/Group32919.res" id="5_xkwq6"]
[ext_resource type="ArrayMesh" uid="uid://mii4qpdxcboq" path="res://meshimport/rarm.res" id="6_k8yqa"]
[ext_resource type="ArrayMesh" uid="uid://vtoj18djt6os" path="res://meshimport/Group32964.res" id="7_blmui"]
[ext_resource type="ArrayMesh" uid="uid://brehc66e7kid6" path="res://meshimport/r_head.res" id="8_cy1h4"]
[ext_resource type="ArrayMesh" uid="uid://x5dyt6b2bbeg" path="res://meshimport/r_hair1.res" id="9_5b25t"]
[ext_resource type="ArrayMesh" uid="uid://dj574ve4y2ynx" path="res://meshimport/r_hair2.res" id="10_cxlm2"]
[ext_resource type="ArrayMesh" uid="uid://cmmc5dbvlwau1" path="res://meshimport/r_shirt.res" id="11_nbkph"]
[ext_resource type="ArrayMesh" uid="uid://b6it5so381ldj" path="res://meshimport/r_pants.res" id="12_5nshk"]
[ext_resource type="ArrayMesh" uid="uid://rxxgvoogo744" path="res://meshimport/polySurface1.res" id="13_655ul"]
[ext_resource type="ArrayMesh" uid="uid://bmd12uicuvtel" path="res://meshimport/polySurface2.res" id="14_smsy8"]
[ext_resource type="ArrayMesh" uid="uid://y8miywaa3r6i" path="res://meshimport/polySurface3.res" id="15_2miht"]
[ext_resource type="ArrayMesh" uid="uid://1l82cur3wrx6" path="res://meshimport/polySurface10.res" id="16_tuelq"]
[ext_resource type="ArrayMesh" uid="uid://c1umqkcafm513" path="res://meshimport/polySurface11.res" id="17_1nahc"]
[ext_resource type="ArrayMesh" uid="uid://bef1o60noxagj" path="res://meshimport/polySurface12.res" id="18_3c6oe"]
[ext_resource type="ArrayMesh" uid="uid://xaqlgd1igkjx" path="res://meshimport/polySurface13.res" id="19_334n1"]
[ext_resource type="ArrayMesh" uid="uid://dc005v41uqrtt" path="res://meshimport/polySurface14.res" id="20_tnguq"]
[ext_resource type="ArrayMesh" uid="uid://cp4aca2mdynmp" path="res://meshimport/polySurface15.res" id="21_cm45e"]
[ext_resource type="ArrayMesh" uid="uid://ble3bs3anw6u3" path="res://meshimport/Sphere001.res" id="22_hvyhb"]
[ext_resource type="ArrayMesh" uid="uid://cm38dsqe6did1" path="res://meshimport/Cylinder001.res" id="23_dturp"]
[ext_resource type="ArrayMesh" uid="uid://d4rlpu3ifj3l" path="res://meshimport/Object001.res" id="24_mg8sm"]
[ext_resource type="ArrayMesh" uid="uid://bm5wvp07blcu7" path="res://meshimport/Cylinder003.res" id="25_avvkj"]
[ext_resource type="ArrayMesh" uid="uid://bqdrm1mnqody7" path="res://meshimport/Cylinder004.res" id="26_yl7ae"]
[ext_resource type="ArrayMesh" uid="uid://dkjb1lo3ynnt4" path="res://meshimport/Cylinder005.res" id="27_laiwq"]
[ext_resource type="ArrayMesh" uid="uid://2jxdcd6ajork" path="res://meshimport/Box001.res" id="28_8sdlo"]
[ext_resource type="ArrayMesh" uid="uid://four0xd0hink" path="res://meshimport/Box002.res" id="29_civac"]
[ext_resource type="ArrayMesh" uid="uid://dwawis6kadfnk" path="res://meshimport/Box003.res" id="30_fafbw"]
[ext_resource type="ArrayMesh" uid="uid://wan8mbd71433" path="res://meshimport/Sphere002.res" id="31_tjwo7"]
[ext_resource type="ArrayMesh" uid="uid://bg87rcnai8py" path="res://meshimport/Object002.res" id="32_5sqtk"]
[ext_resource type="ArrayMesh" uid="uid://drkdkpu1pvw2c" path="res://meshimport/Object003.res" id="33_pevlu"]
[ext_resource type="ArrayMesh" uid="uid://c7pfng05mrard" path="res://meshimport/Cylinder010.res" id="34_ndjx1"]
[ext_resource type="ArrayMesh" uid="uid://caytrn7iubha6" path="res://meshimport/Box010.res" id="35_nvrtw"]
[ext_resource type="ArrayMesh" uid="uid://doqgvqkjqpeo1" path="res://meshimport/Box011.res" id="36_wa4l2"]
[ext_resource type="ArrayMesh" uid="uid://dexj61gcwt7dm" path="res://meshimport/Box012.res" id="37_iuj4s"]
[ext_resource type="ArrayMesh" uid="uid://dlht31jfa0480" path="res://meshimport/Cylinder011.res" id="38_863eo"]
[ext_resource type="ArrayMesh" uid="uid://bvvcb5sccc4dh" path="res://meshimport/Cylinder012.res" id="39_8kavi"]
[ext_resource type="ArrayMesh" uid="uid://ye4nnacjk583" path="res://meshimport/Cylinder013.res" id="40_o5wit"]
[ext_resource type="ArrayMesh" uid="uid://ci8j32p4hrrhd" path="res://meshimport/Sphere004.res" id="41_ny0ld"]
[ext_resource type="ArrayMesh" uid="uid://wukvm8fcios8" path="res://meshimport/polySurface016.res" id="42_xcss4"]
[ext_resource type="ArrayMesh" uid="uid://brr1g8xdffs1d" path="res://meshimport/Box014.res" id="43_qp82h"]
[ext_resource type="ArrayMesh" uid="uid://ddkmrbhgnvf3o" path="res://meshimport/Box015.res" id="44_vda1v"]
[ext_resource type="AnimationLibrary" uid="uid://cbnorhxfaife5" path="res://Anim/Dwarf Idle.fbx" id="46_x44jp"]
[ext_resource type="Animation" path="res://Anim/idle.res" id="46_xkwq6"]
[ext_resource type="Animation" path="res://Anim/mixamo_com.res" id="47_blmui"]
[ext_resource type="Animation" path="res://Anim/walking.res" id="47_k8yqa"]
[ext_resource type="AnimationLibrary" uid="uid://3uyn6jsedtdu" path="res://importAnim/HumanF@Jump01 - Begin.fbx" id="50_blmui"]

[sub_resource type="Skin" id="Skin_x2thm"]
resource_name = "Skin"
bind_count = 2
bind/0/name = &"mixamorig_Neck"
bind/0/bone = -1
bind/0/pose = Transform3D(1, 0, 0, 0, 1.2246469e-16, 1, 0, -1, 1.2246469e-16, 0.00028699875, 0.086801566, -0.07646499)
bind/1/name = &"mixamorig_Head"
bind/1/bone = -1
bind/1/pose = Transform3D(1, 0, 0, 0, 1.2246469e-16, 1, 0, -1, 1.2246469e-16, 0.00028699875, 0.043878417, -0.07685619)

[sub_resource type="Skin" id="Skin_l3q1m"]
resource_name = "Skin2"
bind_count = 5
bind/0/name = &"mixamorig_Spine2"
bind/0/bone = -1
bind/0/pose = Transform3D(1, 0, 0, 0, 0.0691255, 0.997608, 0, -0.997608, 0.0691255, 0.13979049, -0.032346457, -0.0042884736)
bind/1/name = &"mixamorig_LeftShoulder"
bind/1/bone = -1
bind/1/pose = Transform3D(0.016907077, 0.9975634, -0.06768541, 0.98253, -0.029124003, -0.1838111, -0.18533452, -0.06339524, -0.9806285, 0.0066049374, 0.12546723, 0.07340423)
bind/2/name = &"mixamorig_LeftArm"
bind/2/bone = -1
bind/2/pose = Transform3D(0.018255513, 0.9979984, -0.060546532, 0.50134325, -0.0615306, -0.8630579, -0.86505586, -0.014599029, -0.501463, 0.0060705165, 0.09783781, -0.0009901087)
bind/3/name = &"mixamorig_LeftForeArm"
bind/3/bone = -1
bind/3/pose = Transform3D(0.1283097, 0.9598918, -0.2492877, 0.4179685, -0.28029105, -0.86414075, -0.89935476, 0.0066832337, -0.43716863, -0.0027120365, -0.03950424, 0.0020125096)
bind/4/name = &"mixamorig_LeftHand"
bind/4/bone = -1
bind/4/pose = Transform3D(-0.062473956, 0.94837475, -0.31093776, 0.31130353, -0.2774869, -0.90889555, -0.94825476, -0.15357833, -0.27789673, 0.0021460245, -0.18800609, 0.023943722)

[sub_resource type="Skin" id="Skin_6wtiy"]
resource_name = "Skin3"
bind_count = 2
bind/0/name = &"mixamorig_Neck"
bind/0/bone = -1
bind/0/pose = Transform3D(1, 0, 0, 0, 1.2246469e-16, 1, 0, -1, 1.2246469e-16, 0.00028699875, 0.0865875, -0.038356487)
bind/1/name = &"mixamorig_Head"
bind/1/bone = -1
bind/1/pose = Transform3D(1, 0, 0, 0, 1.2246469e-16, 1, 0, -1, 1.2246469e-16, 0.00028699875, 0.043664355, -0.03874769)

[sub_resource type="Skin" id="Skin_o1ujb"]
resource_name = "Skin4"
bind_count = 5
bind/0/name = &"mixamorig_Spine2"
bind/0/bone = -1
bind/0/pose = Transform3D(1, 0, 0, 0, 0.0691255, 0.997608, 0, -0.997608, 0.0691255, 0.11984949, 0.05311988, -0.006644708)
bind/1/name = &"mixamorig_LeftShoulder"
bind/1/bone = -1
bind/1/pose = Transform3D(0.016907077, 0.9975634, -0.06768541, 0.98253, -0.029124003, -0.1838111, -0.18533452, -0.06339524, -0.9806285, 0.0087462105, 0.08999192, -0.006874089)
bind/2/name = &"mixamorig_LeftArm"
bind/2/bone = -1
bind/2/pose = Transform3D(0.018255513, 0.9979984, -0.060546532, 0.50134325, -0.0615306, -0.8630579, -0.86505586, -0.014599029, -0.501463, 0.008796006, 0.013886986, -0.0265346)
bind/3/name = &"mixamorig_LeftForeArm"
bind/3/bone = -1
bind/3/pose = Transform3D(0.1283097, 0.9598918, -0.2492877, 0.4179685, -0.28029105, -0.86414075, -0.89935476, 0.0066832337, -0.43716863, -0.018557532, -0.12369127, -0.017200885)
bind/4/name = &"mixamorig_Spine1"
bind/4/bone = -1
bind/4/pose = Transform3D(1, 0, 0, 0, 0.0691255, 0.997608, 0, -0.997608, 0.0691255, 0.11984949, 0.112872966, -0.0066447086)

[sub_resource type="Skin" id="Skin_ymtfn"]
resource_name = "Skin5"
bind_count = 3
bind/0/name = &"mixamorig_LeftHand"
bind/0/bone = -1
bind/0/pose = Transform3D(-0.062473956, 0.94837475, -0.31093776, 0.31130353, -0.2774869, -0.90889555, -0.94825476, -0.15357833, -0.27789673, 0.018494757, -0.07059667, 0.009167216)
bind/1/name = &"mixamorig_LeftForeArm"
bind/1/bone = -1
bind/1/pose = Transform3D(0.1283097, 0.9598918, -0.2492877, 0.4179685, -0.28029105, -0.86414075, -0.89935476, 0.0066832337, -0.43716863, 0.016278602, 0.07841129, 0.0044377604)
bind/2/name = &"mixamorig_LeftArm"
bind/2/bone = -1
bind/2/pose = Transform3D(0.018255513, 0.9979984, -0.060546532, 0.50134325, -0.0615306, -0.8630579, -0.86505586, -0.014599029, -0.501463, -0.0012807058, 0.2165283, 0.010373288)

[sub_resource type="Skin" id="Skin_nrmm5"]
resource_name = "Skin6"
bind_count = 3
bind/0/name = &"mixamorig_LeftHand"
bind/0/bone = -1
bind/0/pose = Transform3D(-0.062473956, 0.94837475, -0.31093776, 0.31130353, -0.2774869, -0.90889555, -0.94825476, -0.15357833, -0.27789673, 0.013261777, -0.11175033, 0.011014963)
bind/1/name = &"mixamorig_LeftArm"
bind/1/bone = -1
bind/1/pose = Transform3D(0.018255513, 0.9979984, -0.060546532, 0.50134325, -0.0615306, -0.8630579, -0.86505586, -0.014599029, -0.501463, 0.002287912, 0.17576782, 0.0032831628)
bind/2/name = &"mixamorig_LeftForeArm"
bind/2/bone = -1
bind/2/pose = Transform3D(0.1283097, 0.9598918, -0.2492877, 0.4179685, -0.28029105, -0.86414075, -0.89935476, 0.0066832337, -0.43716863, 0.01077528, 0.0374457, 0.0004438202)

[sub_resource type="Skin" id="Skin_mvay6"]
resource_name = "Skin7"
bind_count = 3
bind/0/name = &"mixamorig_Neck"
bind/0/bone = -1
bind/0/pose = Transform3D(1, 0, 0, 0, 1.2246469e-16, 1, 0, -1, 1.2246469e-16, 0.00028649808, 0.08437051, 0.034240015)
bind/1/name = &"mixamorig_Head"
bind/1/bone = -1
bind/1/pose = Transform3D(1, 0, 0, 0, 1.2246469e-16, 1, 0, -1, 1.2246469e-16, 0.00028649808, 0.041447364, 0.03384881)
bind/2/name = &"mixamorig_Spine2"
bind/2/bone = -1
bind/2/pose = Transform3D(1, 0, 0, 0, 0.0691255, 0.997608, 0, -0.997608, 0.0691255, 0.00028649808, 0.14902405, 0.03999027)

[sub_resource type="Skin" id="Skin_rc26n"]
resource_name = "Skin8"
bind_count = 2
bind/0/name = &"mixamorig_Neck"
bind/0/bone = -1
bind/0/pose = Transform3D(1, 0, 0, 0, 1.2246469e-16, 1, 0, -1, 1.2246469e-16, 0.00028699875, 0.115838476, 0.026137516)
bind/1/name = &"mixamorig_Head"
bind/1/bone = -1
bind/1/pose = Transform3D(1, 0, 0, 0, 1.2246469e-16, 1, 0, -1, 1.2246469e-16, 0.00028699875, 0.07291533, 0.025746312)

[sub_resource type="Skin" id="Skin_to8py"]
resource_name = "Skin9"
bind_count = 2
bind/0/name = &"mixamorig_Neck"
bind/0/bone = -1
bind/0/pose = Transform3D(1, 0, 0, 0, 1.2246469e-16, 1, 0, -1, 1.2246469e-16, 0.00028699875, 0.06815205, -0.08972099)
bind/1/name = &"mixamorig_Head"
bind/1/bone = -1
bind/1/pose = Transform3D(1, 0, 0, 0, 1.2246469e-16, 1, 0, -1, 1.2246469e-16, 0.00028699875, 0.025228906, -0.09011219)

[sub_resource type="Skin" id="Skin_o3xv8"]
resource_name = "Skin10"
bind_count = 14
bind/0/name = &"mixamorig_Spine1"
bind/0/bone = -1
bind/0/pose = Transform3D(1, 0, 0, 0, 0.0691255, 0.997608, 0, -0.997608, 0.0691255, -0.014834505, 0.034878045, 0.013504554)
bind/1/name = &"mixamorig_Spine2"
bind/1/bone = -1
bind/1/pose = Transform3D(1, 0, 0, 0, 0.0691255, 0.997608, 0, -0.997608, 0.0691255, -0.014834505, -0.024874995, 0.013504555)
bind/2/name = &"mixamorig_RightShoulder"
bind/2/bone = -1
bind/2/pose = Transform3D(-0.042180713, -0.99682534, 0.06752731, -0.98253006, 0.029124, -0.18381122, 0.18126102, -0.0741009, -0.98063934, 0.014156561, 0.0004444552, 0.08941342)
bind/3/name = &"mixamorig_RightArm"
bind/3/bone = -1
bind/3/pose = Transform3D(-0.06511766, -0.9790455, 0.19294977, -0.49764612, -0.13573757, -0.85669345, 0.86493236, -0.15180656, -0.47837928, 0.002552386, 0.030550076, 0.104410104)
bind/4/name = &"mixamorig_LeftShoulder"
bind/4/bone = -1
bind/4/pose = Transform3D(0.016907077, 0.9975634, -0.06768541, 0.98253, -0.029124003, -0.1838111, -0.18533452, -0.06339524, -0.9806285, -0.013789075, -0.02755069, 0.0946388)
bind/5/name = &"mixamorig_LeftArm"
bind/5/bone = -1
bind/5/pose = Transform3D(0.018255513, 0.9979984, -0.060546532, 0.50134325, -0.0615306, -0.8630579, -0.86505586, -0.014599029, -0.501463, -0.014477504, 0.01388363, 0.12866628)
bind/6/name = &"mixamorig_LeftForeArm"
bind/6/bone = -1
bind/6/pose = Transform3D(0.1283097, 0.9598918, -0.2492877, 0.4179685, -0.28029105, -0.86414075, -0.89935476, 0.0066832337, -0.43716863, -0.0412594, -0.1068059, 0.13716389)
bind/7/name = &"mixamorig_Spine"
bind/7/bone = -1
bind/7/pose = Transform3D(1, 0, 0, 0, 0.069125466, 0.997608, 0, -0.997608, 0.069125466, -0.014834505, 0.08716205, 0.013504555)
bind/8/name = &"mixamorig_Hips"
bind/8/bone = -1
bind/8/pose = Transform3D(1, 0, 0, 0, 1.2246469e-16, 1, 0, -1, 1.2246469e-16, -0.014834505, 0.13259467, 0.00434929)
bind/9/name = &"mixamorig_Neck"
bind/9/bone = -1
bind/9/pose = Transform3D(1, 0, 0, 0, 1.2246469e-16, 1, 0, -1, 1.2246469e-16, -0.014834505, -0.09094341, 0.019838514)
bind/10/name = &"mixamorig_Head"
bind/10/bone = -1
bind/10/pose = Transform3D(1, 0, 0, 0, 1.2246469e-16, 1, 0, -1, 1.2246469e-16, -0.014834505, -0.13386655, 0.01944731)
bind/11/name = &"mixamorig_RightForeArm"
bind/11/bone = -1
bind/11/pose = Transform3D(-0.015993912, -0.9610116, 0.276045, -0.42228842, -0.24375686, -0.8730722, 0.9063204, -0.13053446, -0.40192544, 0.013081255, -0.0969424, 0.11353272)
bind/12/name = &"mixamorig_RightHand"
bind/12/bone = -1
bind/12/pose = Transform3D(-0.061565917, -0.94168246, 0.33082283, -0.29361886, -0.2996977, -0.90772754, 0.95393795, -0.1530209, -0.2580446, 0.013740545, -0.22664623, 0.14741011)
bind/13/name = &"mixamorig_LeftUpLeg"
bind/13/bone = -1
bind/13/pose = Transform3D(-0.9948458, -0.00064390246, -0.101397105, 0.10139915, -0.006317446, -0.9948258, 2.0638435e-11, -0.9999798, 0.0063501755, 0.0627977, -0.16455588, 0.007242126)

[sub_resource type="Skin" id="Skin_1m6n1"]
resource_name = "Skin11"
bind_count = 11
bind/0/name = &"mixamorig_Spine"
bind/0/bone = -1
bind/0/pose = Transform3D(1, 0, 0, 0, 0.069125466, 0.997608, 0, -0.997608, 0.069125466, 0.00028699875, -0.23733203, -0.01257313)
bind/1/name = &"mixamorig_Hips"
bind/1/bone = -1
bind/1/pose = Transform3D(1, 0, 0, 0, 1.2246469e-16, 1, 0, -1, 1.2246469e-16, 0.00028699875, -0.19292578, 0.00076478807)
bind/2/name = &"mixamorig_LeftUpLeg"
bind/2/bone = -1
bind/2/pose = Transform3D(-0.9948458, -0.00064390246, -0.101397105, 0.10139915, -0.006317446, -0.9948258, 2.0638435e-11, -0.9999798, 0.0063501755, 0.08075867, 0.16079098, 0.0015905843)
bind/3/name = &"mixamorig_RightUpLeg"
bind/3/bone = -1
bind/3/pose = Transform3D(-0.99484634, 0.0011666041, 0.10138783, -0.10139454, -0.011446296, -0.9947805, 1.0414017e-10, -0.99993384, 0.011505593, -0.08133065, 0.16074975, 0.0016550515)
bind/4/name = &"mixamorig_RightLeg"
bind/4/bone = -1
bind/4/pose = Transform3D(-0.9937644, 0.0012828772, 0.11149292, -0.11133484, 0.043037396, -0.9928506, -0.0060720704, -0.9990726, -0.042626202, -0.080442, -0.08780464, -0.0031312495)
bind/5/name = &"mixamorig_RightFoot"
bind/5/bone = -1
bind/5/pose = Transform3D(-0.9917559, -0.06858976, 0.10823892, -0.01418275, -0.7807386, -0.6246968, 0.12735412, -0.6210819, 0.7733294, -0.08046403, -0.2130277, 0.29713866)
bind/6/name = &"mixamorig_RightToeBase"
bind/6/bone = -1
bind/6/pose = Transform3D(-0.9946788, 0.074775495, -0.07087095, -0.075407736, -0.997133, 0.0062841573, -0.07019786, 0.011594936, 0.9974657, -0.14607137, -0.069268934, 0.40572527)
bind/7/name = &"mixamorig_Spine1"
bind/7/bone = -1
bind/7/pose = Transform3D(1, 0, 0, 0, 0.0691255, 0.997608, 0, -0.997608, 0.0691255, 0.00028699875, -0.289616, -0.012573141)
bind/8/name = &"mixamorig_LeftLeg"
bind/8/bone = -1
bind/8/pose = Transform3D(-0.99376804, -0.0007078386, -0.11146531, 0.11135728, 0.03816642, -0.9930473, 0.004957149, -0.99927115, -0.037849743, 0.079873875, -0.08776742, -0.0023148702)
bind/9/name = &"mixamorig_LeftFoot"
bind/9/bone = -1
bind/9/pose = Transform3D(-0.991636, 0.06987793, -0.10851337, 0.014311637, -0.77603996, -0.63052136, -0.12827024, -0.62680066, 0.7685491, 0.07983788, -0.21594645, 0.2949193)
bind/10/name = &"mixamorig_LeftToeBase"
bind/10/bone = -1
bind/10/pose = Transform3D(-0.9943706, -0.07725619, 0.07251586, 0.07793359, -0.996937, 0.006554598, 0.071787365, 0.012169121, 0.9973457, 0.14599928, -0.06927069, 0.40555406)

[sub_resource type="Skin" id="Skin_3y5ps"]
resource_name = "Skin12"
bind_count = 8
bind/0/name = &"mixamorig_RightFoot"
bind/0/bone = -1
bind/0/pose = Transform3D(-0.9917559, -0.06858976, 0.10823892, -0.01418275, -0.7807386, -0.6246968, 0.12735412, -0.6210819, 0.7733294, -0.11402038, 0.008912212, 0.060534693)
bind/1/name = &"mixamorig_RightUpLeg"
bind/1/bone = -1
bind/1/pose = Transform3D(-0.99484634, 0.0011666041, 0.10138783, -0.10139454, -0.011446296, -0.9947805, 1.0414017e-10, -0.99993384, 0.011505593, -0.114334576, 0.48457715, 0.02193627)
bind/2/name = &"mixamorig_RightLeg"
bind/2/bone = -1
bind/2/pose = Transform3D(-0.9937644, 0.0012828772, 0.11149292, -0.11133484, 0.043037396, -0.9928506, -0.0060720704, -0.9990726, -0.042626202, -0.116735406, 0.23408616, 0.03473565)
bind/3/name = &"mixamorig_RightToeBase"
bind/3/bone = -1
bind/3/pose = Transform3D(-0.9946788, 0.074775495, -0.07087095, -0.075407736, -0.997133, 0.0062841573, -0.07019786, 0.011594936, 0.9974657, -0.124816574, -0.0473567, 0.08102098)
bind/4/name = &"mixamorig_LeftUpLeg"
bind/4/bone = -1
bind/4/pose = Transform3D(-0.9948458, -0.00064390246, -0.101397105, 0.10139915, -0.006317446, -0.9948258, 2.0638435e-11, -0.9999798, 0.0063501755, 0.11375404, 0.4845098, 0.023549706)
bind/5/name = &"mixamorig_LeftLeg"
bind/5/bone = -1
bind/5/pose = Transform3D(-0.99376804, -0.0007078386, -0.11146531, 0.11135728, 0.03816642, -0.9930473, 0.004957149, -0.99927115, -0.037849743, 0.11614548, 0.23430426, 0.03400325)
bind/6/name = &"mixamorig_LeftFoot"
bind/6/bone = -1
bind/6/pose = Transform3D(-0.991636, 0.06987793, -0.10851337, 0.014311637, -0.77603996, -0.63052136, -0.12827024, -0.62680066, 0.7685491, 0.11345353, 0.0077749975, 0.06000765)
bind/7/name = &"mixamorig_LeftToeBase"
bind/7/bone = -1
bind/7/pose = Transform3D(-0.9943706, -0.07725619, 0.07251586, 0.07793359, -0.996937, 0.006554598, 0.071787365, 0.012169121, 0.9973457, 0.12427007, -0.0474512, 0.08087491)

[sub_resource type="Skin" id="Skin_n7o2v"]
resource_name = "Skin13"
bind_count = 3
bind/0/name = &"mixamorig_Spine2"
bind/0/bone = -1
bind/0/pose = Transform3D(1, 0, 0, 0, 0.0691255, 0.997608, 0, -0.997608, 0.0691255, 0.00028699875, 0.07802707, 0.043885384)
bind/1/name = &"mixamorig_Neck"
bind/1/bone = -1
bind/1/pose = Transform3D(1, 0, 0, 0, 1.2246469e-16, 1, 0, -1, 1.2246469e-16, 0.00028699875, 0.013812598, 0.043033514)
bind/2/name = &"mixamorig_Head"
bind/2/bone = -1
bind/2/pose = Transform3D(1, 0, 0, 0, 1.2246469e-16, 1, 0, -1, 1.2246469e-16, 0.00028699875, -0.029110547, 0.04264231)

[sub_resource type="Skin" id="Skin_i4jvg"]
resource_name = "Skin14"
bind_count = 6
bind/0/name = &"mixamorig_Spine2"
bind/0/bone = -1
bind/0/pose = Transform3D(1, 0, 0, 0, 0.0691255, 0.997608, 0, -0.997608, 0.0691255, 0.00028699875, 0.040867835, 0.06012107)
bind/1/name = &"mixamorig_Neck"
bind/1/bone = -1
bind/1/pose = Transform3D(1, 0, 0, 0, 1.2246469e-16, 1, 0, -1, 1.2246469e-16, 0.00028699875, -0.02213545, 0.061799016)
bind/2/name = &"mixamorig_Head"
bind/2/bone = -1
bind/2/pose = Transform3D(1, 0, 0, 0, 1.2246469e-16, 1, 0, -1, 1.2246469e-16, 0.00028699875, -0.0650586, 0.06140781)
bind/3/name = &"mixamorig_Spine1"
bind/3/bone = -1
bind/3/pose = Transform3D(1, 0, 0, 0, 0.0691255, 0.997608, 0, -0.997608, 0.0691255, 0.00028699875, 0.100620925, 0.06012107)
bind/4/name = &"mixamorig_RightShoulder"
bind/4/bone = -1
bind/4/pose = Transform3D(-0.042180713, -0.99682534, 0.06752731, -0.98253006, 0.029124, -0.18381122, 0.18126102, -0.0741009, -0.98063934, 0.059992436, -0.028282626, 0.02778778)
bind/5/name = &"mixamorig_LeftShoulder"
bind/5/bone = -1
bind/5/pose = Transform3D(0.016907077, 0.9975634, -0.06768541, 0.98253, -0.029124003, -0.1838111, -0.18533452, -0.06339524, -0.9806285, -0.06004898, -0.024118986, 0.027021222)

[sub_resource type="Skin" id="Skin_qps7f"]
resource_name = "Skin15"
bind_count = 18
bind/0/name = &"mixamorig_RightHandRing1"
bind/0/bone = -1
bind/0/pose = Transform3D(-0.09943964, -0.9727911, 0.20925896, 0.0066770487, -0.21094891, -0.9774743, 0.99502116, -0.095802456, 0.027472056, -0.002537929, -0.07250157, 0.050223857)
bind/1/name = &"mixamorig_RightHandPinky1"
bind/1/bone = -1
bind/1/pose = Transform3D(-0.11148143, -0.97935396, 0.16863467, 0.15017909, -0.18434644, -0.97132003, 0.9823534, -0.08295875, 0.1676297, 0.0064107203, -0.06524664, 0.059527177)
bind/2/name = &"mixamorig_RightHand"
bind/2/bone = -1
bind/2/pose = Transform3D(-0.061565917, -0.94168246, 0.33082283, -0.29361886, -0.2996977, -0.90772754, 0.95393795, -0.1530209, -0.2580446, 0.0021204217, -0.03364434, 0.023951437)
bind/3/name = &"mixamorig_RightHandRing2"
bind/3/bone = -1
bind/3/pose = Transform3D(-0.09943964, -0.9727911, 0.20925896, 0.28160182, -0.2292164, -0.9317512, 0.95436484, -0.033725303, 0.29673293, -0.0022060727, -0.07395368, 0.073545195)
bind/4/name = &"mixamorig_RightHandPinky2"
bind/4/bone = -1
bind/4/pose = Transform3D(-0.11148143, -0.97935396, 0.16863467, 0.4223031, -0.2002955, -0.8840485, 0.8995732, -0.027340049, 0.43591347, 0.0065956274, -0.060723666, 0.08000576)
bind/5/name = &"mixamorig_RightHandPinky3"
bind/5/bone = -1
bind/5/pose = Transform3D(-0.11148143, -0.97935396, 0.16863467, 0.29148066, -0.19445327, -0.93660396, 0.9500584, -0.055260208, 0.30714068, 0.006454135, -0.08415889, 0.06884545)
bind/6/name = &"mixamorig_RightHandRing3"
bind/6/bone = -1
bind/6/pose = Transform3D(-0.09943964, -0.9727911, 0.20925896, 0.32807842, -0.23059481, -0.91607344, 0.9394021, -0.022440664, 0.34208202, -0.0023482868, -0.08779538, 0.07794577)
bind/7/name = &"mixamorig_RightHandThumb1"
bind/7/bone = -1
bind/7/pose = Transform3D(0.11966645, -0.59466356, 0.795019, -0.13537477, -0.80306745, -0.58030707, 0.98354137, -0.03818222, -0.17660268, 0.018231139, -0.041668687, 0.027465152)
bind/8/name = &"mixamorig_RightHandThumb2"
bind/8/bone = -1
bind/8/pose = Transform3D(0.11966645, -0.59466356, 0.795019, 0.086363085, -0.7915028, -0.60503286, 0.98905075, 0.14106242, -0.043359343, 0.01585979, -0.04947849, 0.03943419)
bind/9/name = &"mixamorig_RightHandThumb3"
bind/9/bone = -1
bind/9/pose = Transform3D(0.11966645, -0.59466356, 0.795019, -0.015257121, -0.8017801, -0.5974243, 0.9926969, 0.059361946, -0.10501904, 0.01479174, -0.070820004, 0.032359924)
bind/10/name = &"mixamorig_RightHandIndex1"
bind/10/bone = -1
bind/10/pose = Transform3D(-0.011212301, -0.87772113, 0.47904062, -0.18350446, -0.4691284, -0.8638545, 0.9829549, -0.097591884, -0.15580574, -0.0016443173, -0.08209734, 0.034544095)
bind/11/name = &"mixamorig_RightHandIndex2"
bind/11/bone = -1
bind/11/pose = Transform3D(-0.011212301, -0.87772113, 0.47904062, 0.049202994, -0.4789747, -0.8764487, 0.99872583, 0.013743224, 0.048556913, -0.0012261076, -0.08781234, 0.05642197)
bind/12/name = &"mixamorig_RightHandIndex3"
bind/12/bone = -1
bind/12/pose = Transform3D(-0.011212301, -0.87772113, 0.47904062, -0.053399198, -0.47786155, -0.8768106, 0.9985103, -0.03541145, -0.041511673, -0.0016075559, -0.108279385, 0.045566052)
bind/13/name = &"mixamorig_RightHandMiddle1"
bind/13/bone = -1
bind/13/pose = Transform3D(-0.06181557, -0.94193697, 0.3300508, -0.105986156, -0.32261863, -0.9405765, 0.9924444, -0.09312309, -0.079889424, -0.004915208, -0.07909415, 0.04138654)
bind/14/name = &"mixamorig_RightHandMiddle2"
bind/14/bone = -1
bind/14/pose = Transform3D(-0.06181557, -0.94193697, 0.3300508, 0.19228154, -0.3357275, -0.9221252, 0.979391, 0.006460981, 0.20187029, -0.004370407, -0.081916, 0.068686984)
bind/15/name = &"mixamorig_RightHandMiddle3"
bind/15/bone = -1
bind/15/pose = Transform3D(-0.06181557, -0.94193697, 0.3300508, 0.17733483, -0.33578697, -0.9250943, 0.9822073, 0.0013442663, 0.18779509, -0.004681484, -0.100953795, 0.067156404)
bind/16/name = &"mixamorig_RightForeArm"
bind/16/bone = -1
bind/16/pose = Transform3D(-0.015993912, -0.9610116, 0.276045, -0.42228842, -0.24375686, -0.8730722, 0.9063204, -0.13053446, -0.40192544, 0.0021476531, 0.111745335, 0.018892946)
bind/17/name = &"mixamorig_RightArm"
bind/17/bone = -1
bind/17/pose = Transform3D(-0.06511766, -0.9790455, 0.19294977, -0.49764612, -0.13573757, -0.85669345, 0.86493236, -0.15180656, -0.47837928, 0.012887838, 0.24689335, 0.028808704)

[sub_resource type="Skin" id="Skin_gf7i2"]
resource_name = "Skin16"
bind_count = 17
bind/0/name = &"mixamorig_LeftHand"
bind/0/bone = -1
bind/0/pose = Transform3D(-0.062473956, 0.94837475, -0.31093776, 0.31130353, -0.2774869, -0.90889555, -0.94825476, -0.15357833, -0.27789673, -0.007436731, 0.05253636, 0.006581733)
bind/1/name = &"mixamorig_LeftHandRing1"
bind/1/bone = -1
bind/1/pose = Transform3D(-0.084896, 0.9660083, -0.24417317, -0.055813804, -0.24928364, -0.9668208, -0.99482536, -0.06845099, 0.075079784, -0.014582685, 0.0031010443, 0.009099076)
bind/2/name = &"mixamorig_LeftHandPinky1"
bind/2/bone = -1
bind/2/pose = Transform3D(-0.12306344, 0.98459524, -0.12420808, -0.12071847, -0.13908209, -0.9828953, -0.98502916, -0.105964266, 0.13597475, -0.02592265, 0.0031931864, 0.008230979)
bind/3/name = &"mixamorig_LeftHandPinky2"
bind/3/bone = -1
bind/3/pose = Transform3D(-0.12306344, 0.98459524, -0.12420808, -0.36391538, -0.16121344, -0.91737443, -0.92326653, -0.06769402, 0.37814882, -0.026054252, -0.008674277, 0.01075021)
bind/4/name = &"mixamorig_LeftHandPinky3"
bind/4/bone = -1
bind/4/pose = Transform3D(-0.12306344, 0.98459524, -0.12420808, -0.36608818, -0.16137238, -0.9164815, -0.9224071, -0.06731425, 0.38030773, -0.025979277, -0.020773709, 0.010799154)
bind/5/name = &"mixamorig_LeftHandRing2"
bind/5/bone = -1
bind/5/pose = Transform3D(-0.084896, 0.9660083, -0.24417317, -0.2696369, -0.2581878, -0.92770416, -0.9592125, -0.012920272, 0.28239062, -0.014810209, -0.011488138, 0.011864308)
bind/6/name = &"mixamorig_LeftHandMiddle1"
bind/6/bone = -1
bind/6/pose = Transform3D(-0.0509403, 0.93748564, -0.34427568, 0.057775866, -0.3413796, -0.93814814, -0.99702907, -0.067680374, -0.03677406, -0.0008740886, 0.0007019264, 0.008558505)
bind/7/name = &"mixamorig_LeftHandRing3"
bind/7/bone = -1
bind/7/pose = Transform3D(-0.084896, 0.9660083, -0.24417317, -0.2074561, -0.25682437, -0.9439297, -0.9745536, -0.029480638, 0.2222077, -0.014635756, -0.028164012, 0.010075739)
bind/8/name = &"mixamorig_LeftHandThumb1"
bind/8/bone = -1
bind/8/pose = Transform3D(0.13953888, 0.58461016, -0.7992245, 0.16506323, -0.8095608, -0.563352, -0.9763621, -0.053313073, -0.20946285, 0.027860586, 0.028075578, 0.00077954086)
bind/9/name = &"mixamorig_LeftHandThumb2"
bind/9/bone = -1
bind/9/pose = Transform3D(0.13953888, 0.58461016, -0.7992245, -0.10809508, -0.79330444, -0.5991524, -0.9842989, 0.16999729, -0.04750333, 0.029336108, 0.012884457, -0.0028507656)
bind/10/name = &"mixamorig_LeftForeArm"
bind/10/bone = -1
bind/10/pose = Transform3D(0.1283097, 0.9598918, -0.2492877, 0.4179685, -0.28029105, -0.86414075, -0.89935476, 0.0066832337, -0.43716863, -0.008593352, 0.20161523, 0.010998652)
bind/11/name = &"mixamorig_LeftHandThumb3"
bind/11/bone = -1
bind/11/pose = Transform3D(0.13953888, 0.58461016, -0.7992245, -0.03423777, -0.80378985, -0.59392726, -0.98962456, 0.11023962, -0.0921442, 0.03143456, -0.0034678304, -0.003118616)
bind/12/name = &"mixamorig_LeftHandIndex1"
bind/12/bone = -1
bind/12/pose = Transform3D(-0.00030805747, 0.87568104, -0.48288992, 0.11934756, -0.4794063, -0.8694399, -0.9928525, -0.05789957, -0.10436271, 0.0110116955, -0.00016598869, 0.007771554)
bind/13/name = &"mixamorig_LeftHandIndex2"
bind/13/bone = -1
bind/13/pose = Transform3D(-0.00030805747, 0.87568104, -0.48288992, -0.043484226, -0.48244488, -0.8748463, -0.9990541, 0.020728592, 0.038226936, 0.010808815, -0.0132151395, 0.010051238)
bind/14/name = &"mixamorig_LeftHandIndex3"
bind/14/bone = -1
bind/14/pose = Transform3D(-0.00030805747, 0.87568104, -0.48288992, 0.08351171, -0.48118058, -0.87263453, -0.99650675, -0.040595785, -0.072981395, 0.011113979, -0.028058857, 0.006547176)
bind/15/name = &"mixamorig_LeftHandMiddle2"
bind/15/bone = -1
bind/15/pose = Transform3D(-0.0509403, 0.93748564, -0.34427568, -0.19150452, -0.3474955, -0.91791767, -0.98016894, 0.019171348, 0.19723427, -0.0013265355, -0.013994196, 0.012420697)
bind/16/name = &"mixamorig_LeftHandMiddle3"
bind/16/bone = -1
bind/16/pose = Transform3D(-0.0509403, 0.93748564, -0.34427568, -0.18568043, -0.34760323, -0.91907275, -0.98128885, 0.017107416, 0.19177975, -0.0010803476, -0.030599976, 0.012239199)

[sub_resource type="Skin" id="Skin_6pgya"]
resource_name = "Skin17"
bind_count = 4
bind/0/name = &"mixamorig_Hips"
bind/0/bone = -1
bind/0/pose = Transform3D(1, 0, 0, 0, 1.2246469e-16, 1, 0, -1, 1.2246469e-16, 0.00028699875, -0.0006102539, 0.0043452913)
bind/1/name = &"mixamorig_RightUpLeg"
bind/1/bone = -1
bind/1/pose = Transform3D(-0.99484634, 0.0011666041, 0.10138783, -0.10139454, -0.011446296, -0.9947805, 1.0414017e-10, -0.99993384, 0.011505593, -0.06183638, -0.030520998, 0.0074480213)
bind/2/name = &"mixamorig_Spine"
bind/2/bone = -1
bind/2/pose = Transform3D(1, 0, 0, 0, 0.069125466, 0.997608, 0, -0.997608, 0.069125466, 0.00028699875, -0.04572403, 0.0042927098)
bind/3/name = &"mixamorig_LeftUpLeg"
bind/3/bone = -1
bind/3/pose = Transform3D(-0.9948458, -0.00064390246, -0.101397105, 0.10139915, -0.006317446, -0.9948258, 2.0638435e-11, -0.9999798, 0.0063501755, 0.061260734, -0.03050685, 0.0063922526)

[sub_resource type="Skin" id="Skin_j3dsc"]
resource_name = "Skin18"
bind_count = 7
bind/0/name = &"mixamorig_Spine1"
bind/0/bone = -1
bind/0/pose = Transform3D(1, 0, 0, 0, 0.0691255, 0.997608, 0, -0.997608, 0.0691255, -0.061016496, 0.09279381, 0.019584555)
bind/1/name = &"mixamorig_Spine2"
bind/1/bone = -1
bind/1/pose = Transform3D(1, 0, 0, 0, 0.0691255, 0.997608, 0, -0.997608, 0.0691255, -0.061016496, 0.03304077, 0.019584557)
bind/2/name = &"mixamorig_RightShoulder"
bind/2/bone = -1
bind/2/pose = Transform3D(-0.042180713, -0.99682534, 0.06752731, -0.98253006, 0.029124, -0.18381122, 0.18126102, -0.0741009, -0.98063934, 0.022089927, 0.035062242, 0.024124453)
bind/3/name = &"mixamorig_RightArm"
bind/3/bone = -1
bind/3/pose = Transform3D(-0.06511766, -0.9790455, 0.19294977, -0.49764612, -0.13573757, -0.85669345, 0.86493236, -0.15180656, -0.47837928, 0.018807638, 0.0039548324, 0.036938343)
bind/4/name = &"mixamorig_Neck"
bind/4/bone = -1
bind/4/pose = Transform3D(1, 0, 0, 0, 1.2246469e-16, 1, 0, -1, 1.2246469e-16, -0.061016496, -0.032745995, 0.021900516)
bind/5/name = &"mixamorig_Head"
bind/5/bone = -1
bind/5/pose = Transform3D(1, 0, 0, 0, 1.2246469e-16, 1, 0, -1, 1.2246469e-16, -0.061016496, -0.07566914, 0.021509312)
bind/6/name = &"mixamorig_Spine"
bind/6/bone = -1
bind/6/pose = Transform3D(1, 0, 0, 0, 0.069125466, 0.997608, 0, -0.997608, 0.069125466, -0.061016496, 0.14507776, 0.019584551)

[sub_resource type="Skin" id="Skin_gd8me"]
resource_name = "Skin19"
bind_count = 8
bind/0/name = &"mixamorig_Spine1"
bind/0/bone = -1
bind/0/pose = Transform3D(1, 0, 0, 0, 0.0691255, 0.997608, 0, -0.997608, 0.0691255, 0.0025649976, 0.06500717, 0.012700323)
bind/1/name = &"mixamorig_Spine2"
bind/1/bone = -1
bind/1/pose = Transform3D(1, 0, 0, 0, 0.0691255, 0.997608, 0, -0.997608, 0.0691255, 0.0025649976, 0.0052540856, 0.012700321)
bind/2/name = &"mixamorig_LeftShoulder"
bind/2/bone = -1
bind/2/pose = Transform3D(0.016907077, 0.9975634, -0.06768541, 0.98253, -0.029124003, -0.1838111, -0.18533452, -0.06339524, -0.9806285, -0.012647597, -0.01605379, 0.06181084)
bind/3/name = &"mixamorig_LeftArm"
bind/3/bone = -1
bind/3/pose = Transform3D(0.018255513, 0.9979984, -0.060546532, 0.50134325, -0.0615306, -0.8630579, -0.86505586, -0.014599029, -0.501463, -0.013097125, -0.003463723, 0.09852802)
bind/4/name = &"mixamorig_Spine"
bind/4/bone = -1
bind/4/pose = Transform3D(1, 0, 0, 0, 0.069125466, 0.997608, 0, -0.997608, 0.069125466, 0.0025649976, 0.11729113, 0.012700319)
bind/5/name = &"mixamorig_RightShoulder"
bind/5/bone = -1
bind/5/pose = Transform3D(-0.042180713, -0.99682534, 0.06752731, -0.98253006, 0.029124, -0.18381122, 0.18126102, -0.0741009, -0.98063934, 0.01257272, -0.02208167, 0.06293283)
bind/6/name = &"mixamorig_RightArm"
bind/6/bone = -1
bind/6/pose = Transform3D(-0.06511766, -0.9790455, 0.19294977, -0.49764612, -0.13573757, -0.85669345, 0.86493236, -0.15180656, -0.47837928, 0.004383593, -0.004202338, 0.104669474)
bind/7/name = &"mixamorig_LeftForeArm"
bind/7/bone = -1
bind/7/pose = Transform3D(0.1283097, 0.9598918, -0.2492877, 0.4179685, -0.28029105, -0.86414075, -0.89935476, 0.0066832337, -0.43716863, -0.04373657, -0.12626754, 0.10841916)

[sub_resource type="Skin" id="Skin_42iur"]
resource_name = "Skin20"
bind_count = 2
bind/0/name = &"mixamorig_Neck"
bind/0/bone = -1
bind/0/pose = Transform3D(1, 0, 0, 0, 1.2246469e-16, 1, 0, -1, 1.2246469e-16, 0.00028599857, 0.109845996, 0.07241402)
bind/1/name = &"mixamorig_Head"
bind/1/bone = -1
bind/1/pose = Transform3D(1, 0, 0, 0, 1.2246469e-16, 1, 0, -1, 1.2246469e-16, 0.00028599857, 0.06692295, 0.07202281)

[sub_resource type="Skin" id="Skin_7ajje"]
resource_name = "Skin21"
bind_count = 3
bind/0/name = &"mixamorig_LeftHand"
bind/0/bone = -1
bind/0/pose = Transform3D(-0.062473956, 0.94837475, -0.31093776, 0.31130353, -0.2774869, -0.90889555, -0.94825476, -0.15357833, -0.27789673, 0.00034430824, -0.0044690664, 0.0012528644)
bind/1/name = &"mixamorig_LeftForeArm"
bind/1/bone = -1
bind/1/pose = Transform3D(0.1283097, 0.9598918, -0.2492877, 0.4179685, -0.28029105, -0.86414075, -0.89935476, 0.0066832337, -0.43716863, 8.629774e-05, 0.14541355, 0.0007714631)
bind/2/name = &"mixamorig_LeftHandThumb1"
bind/2/bone = -1
bind/2/pose = Transform3D(0.13953888, 0.58461016, -0.7992245, 0.16506323, -0.8095608, -0.563352, -0.9763621, -0.053313073, -0.20946285, -0.00059769274, -0.022201855, 0.0017105353)

[sub_resource type="Skin" id="Skin_2sbot"]
resource_name = "Skin22"
bind_count = 2
bind/0/name = &"mixamorig_LeftHand"
bind/0/bone = -1
bind/0/pose = Transform3D(-0.062473956, 0.94837475, -0.31093776, 0.31130353, -0.2774869, -0.90889555, -0.94825476, -0.15357833, -0.27789673, 0.0027584697, -0.012146916, 0.0019009535)
bind/1/name = &"mixamorig_LeftForeArm"
bind/1/bone = -1
bind/1/pose = Transform3D(0.1283097, 0.9598918, -0.2492877, 0.4179685, -0.28029105, -0.86414075, -0.89935476, 0.0066832337, -0.43716863, 0.0023210328, 0.13765767, 0.0009944434)

[sub_resource type="Skin" id="Skin_2sexf"]
resource_name = "Skin23"
bind_count = 6
bind/0/name = &"mixamorig_Neck"
bind/0/bone = -1
bind/0/pose = Transform3D(1, 0, 0, 0, 1.2246469e-16, 1, 0, -1, 1.2246469e-16, 0.00028699875, 0.032394532, 0.009094516)
bind/1/name = &"mixamorig_Head"
bind/1/bone = -1
bind/1/pose = Transform3D(1, 0, 0, 0, 1.2246469e-16, 1, 0, -1, 1.2246469e-16, 0.00028699875, -0.010528613, 0.008703311)
bind/2/name = &"mixamorig_Spine2"
bind/2/bone = -1
bind/2/pose = Transform3D(1, 0, 0, 0, 0.0691255, 0.997608, 0, -0.997608, 0.0691255, 0.00028699875, 0.098910704, 0.01131206)
bind/3/name = &"mixamorig_RightShoulder"
bind/3/bone = -1
bind/3/pose = Transform3D(-0.042180713, -0.99682534, 0.06752731, -0.98253006, 0.029124, -0.18381122, 0.18126102, -0.0741009, -0.98063934, 0.011137521, -0.036770884, -0.029591912)
bind/4/name = &"mixamorig_RightArm"
bind/4/bone = -1
bind/4/pose = Transform3D(-0.06511766, -0.9790455, 0.19294977, -0.49764612, -0.13573757, -0.85669345, 0.86493236, -0.15180656, -0.47837928, 0.014846891, -0.084096335, 0.05685581)
bind/5/name = &"mixamorig_LeftShoulder"
bind/5/bone = -1
bind/5/pose = Transform3D(0.016907077, 0.9975634, -0.06768541, 0.98253, -0.029124003, -0.1838111, -0.18533452, -0.06339524, -0.9806285, -0.011163781, -0.03567717, -0.029793644)

[sub_resource type="Skin" id="Skin_cpku1"]
resource_name = "Skin24"
bind_count = 3
bind/0/name = &"mixamorig_LeftHand"
bind/0/bone = -1
bind/0/pose = Transform3D(-0.062473956, 0.94837475, -0.31093776, 0.31130353, -0.2774869, -0.90889555, -0.94825476, -0.15357833, -0.27789673, 0.013418566, -0.12571536, 0.012283448)
bind/1/name = &"mixamorig_LeftArm"
bind/1/bone = -1
bind/1/pose = Transform3D(0.018255513, 0.9979984, -0.060546532, 0.50134325, -0.0615306, -0.8630579, -0.86505586, -0.014599029, -0.501463, 0.0052635423, 0.16213651, 0.0018732774)
bind/2/name = &"mixamorig_LeftForeArm"
bind/2/bone = -1
bind/2/pose = Transform3D(0.1283097, 0.9598918, -0.2492877, 0.4179685, -0.28029105, -0.86414075, -0.89935476, 0.0066832337, -0.43716863, 0.010673179, 0.023426963, 9.638248e-05)

[sub_resource type="Skin" id="Skin_xf40y"]
resource_name = "Skin25"
bind_count = 5
bind/0/name = &"mixamorig_LeftHand"
bind/0/bone = -1
bind/0/pose = Transform3D(-0.062473956, 0.94837475, -0.31093776, 0.31130353, -0.2774869, -0.90889555, -0.94825476, -0.15357833, -0.27789673, 0.00787995, -0.1448963, 0.015560437)
bind/1/name = &"mixamorig_LeftArm"
bind/1/bone = -1
bind/1/pose = Transform3D(0.018255513, 0.9979984, -0.060546532, 0.50134325, -0.0615306, -0.8630579, -0.86505586, -0.014599029, -0.501463, 0.0035668204, 0.1420387, 0.00028449428)
bind/2/name = &"mixamorig_LeftForeArm"
bind/2/bone = -1
bind/2/pose = Transform3D(0.1283097, 0.9598918, -0.2492877, 0.4179685, -0.28029105, -0.86414075, -0.89935476, 0.0066832337, -0.43716863, 0.004588345, 0.0041323015, -2.9065008e-05)
bind/3/name = &"mixamorig_Spine2"
bind/3/bone = -1
bind/3/pose = Transform3D(1, 0, 0, 0, 0.0691255, 0.997608, 0, -0.997608, 0.0691255, 0.160802, -0.07125155, -0.0017346994)
bind/4/name = &"mixamorig_LeftShoulder"
bind/4/bone = -1
bind/4/pose = Transform3D(0.016907077, 0.9975634, -0.06768541, 0.98253, -0.029124003, -0.1838111, -0.18533452, -0.06339524, -0.9806285, 0.004350993, 0.15336579, 0.10772905)

[sub_resource type="Skin" id="Skin_mym7x"]
resource_name = "Skin26"
bind_count = 4
bind/0/name = &"mixamorig_LeftHand"
bind/0/bone = -1
bind/0/pose = Transform3D(-0.062473956, 0.94837475, -0.31093776, 0.31130353, -0.2774869, -0.90889555, -0.94825476, -0.15357833, -0.27789673, -0.0018468366, 0.0036415388, 0.0003730942)
bind/1/name = &"mixamorig_LeftHandThumb1"
bind/1/bone = -1
bind/1/pose = Transform3D(0.13953888, 0.58461016, -0.7992245, 0.16506323, -0.8095608, -0.563352, -0.9763621, -0.053313073, -0.20946285, 0.0025902921, -0.014598591, -0.00012907833)
bind/2/name = &"mixamorig_LeftForeArm"
bind/2/bone = -1
bind/2/pose = Transform3D(0.1283097, 0.9598918, -0.2492877, 0.4179685, -0.28029105, -0.86414075, -0.89935476, 0.0066832337, -0.43716863, -0.0018835542, 0.15362033, 0.00041724087)
bind/3/name = &"mixamorig_LeftHandThumb2"
bind/3/bone = -1
bind/3/pose = Transform3D(0.13953888, 0.58461016, -0.7992245, -0.10809508, -0.79330444, -0.5991524, -0.9842989, 0.16999729, -0.04750333, 0.004065813, -0.028413007, 0.0079395)

[sub_resource type="Skin" id="Skin_hjlxk"]
resource_name = "Skin27"
bind_count = 2
bind/0/name = &"mixamorig_Hips"
bind/0/bone = -1
bind/0/pose = Transform3D(1, 0, 0, 0, 1.2246469e-16, 1, 0, -1, 1.2246469e-16, 0.009794999, -0.007827393, 0.07391379)
bind/1/name = &"mixamorig_Spine"
bind/1/bone = -1
bind/1/pose = Transform3D(1, 0, 0, 0, 0.069125466, 0.997608, 0, -0.997608, 0.069125466, 0.009794999, -0.05773281, 0.07319591)

[sub_resource type="Skin" id="Skin_c6pk2"]
resource_name = "Skin28"
bind_count = 1
